# Cameras (582)
# PhotoID, X, Y, Z, Omega, Phi, Kappa, r11, r12, r13, r21, r22, r23, r31, r32, r33
cam0_frame_0000052	457419.7940190566005185	5547269.2095946986228228	241.3474778827705052	112.7237464922720847	-74.5426893108233060	112.3157862149678863	-0.1012007173655422	-0.0197885140827910	0.9946692060756153	-0.2465593265615953	0.9691103098228931	-0.0058056765728909	-0.9638292967586078	-0.2458325082355294	-0.1029537012663274
cam0_frame_0000053	457420.7792027340037748	5547268.8811521418392658	241.3347468201300501	110.8770414471078425	-74.4145902517700648	111.7045030809909321	-0.0993611609533713	0.0017362682382164	0.9950499208917124	-0.2496264620975293	0.9679763632123248	-0.0266155909743189	-0.9632310154447215	-0.2510353473812929	-0.0957458367266406
cam0_frame_0000054	457421.7623830352094956	5547268.4494511792436242	241.2788667964242961	113.8060744295766966	-74.0964084988691667	113.7105984069123821	-0.1101879407953069	-0.0157482050365286	0.9937859989662855	-0.2508890312334176	0.9679354123159143	-0.0124792464347165	-0.9617241349316589	-0.2507050690013041	-0.1106058618112268
cam0_frame_0000055	457422.8047441703965887	5547268.1308590602129698	241.2625032982247149	109.4680007912518960	-74.3625356062291587	110.9130834241921093	-0.0962160672538650	0.0127621258702957	0.9952786527126313	-0.2517924341591002	0.9670835517994998	-0.0367419914961061	-0.9629865204157506	-0.2541388045579335	-0.0898355693221207
cam0_frame_0000056	457423.8278324917773716	5547267.6641584001481533	241.2226280475437648	112.5585174261336476	-74.3932113208105079	112.4574962486425136	-0.1027704172128727	-0.0147695579447938	0.9945954461508497	-0.2486312562847822	0.9685321995771206	-0.0113082616062855	-0.9631306971248207	-0.2484496700348393	-0.1032086319812270
cam0_frame_0000057	457424.8688312368467450	5547267.2927501676604152	241.1945955723917621	112.1317682548030490	-74.5183993193593892	112.9158793117933612	-0.1039365767865844	0.0005977061006637	0.9945837474809770	-0.2458622227009445	0.9689485866066131	-0.0262755392256400	-0.9637162214336944	-0.2472615604182429	-0.1005622458236596
cam0_frame_0000058	457425.8862242376198992	5547266.8372816266492009	241.1658000953598275	116.2461216460357747	-74.5378002812268221	116.1246567763090667	-0.1173919347353035	-0.0164138100775893	0.9929500090628124	-0.2393659658368992	0.9708521291909209	-0.0122506181241647	-0.9638065511595524	-0.2391165617103771	-0.1178991172898966
cam0_frame_0000059	457426.9427027111523785	5547266.3962379647418857	241.1299146250499632	116.4574391025131774	-75.0373237044164085	115.7433088088105819	-0.1121421602174177	-0.0256478541338184	0.9933611244054708	-0.2325641649824399	0.9725803833993477	-0.0011432378573601	-0.9660942216304741	-0.2311484055863429	-0.1150320369597103
cam0_frame_0000060	457427.9885710941744037	5547265.9474681373685598	241.1165328651741788	118.0754144172952067	-75.2108540349317281	116.9966561166538952	-0.1158735211381899	-0.0320953946497962	0.9927452909690941	-0.2274474046312350	0.9737778644627668	0.0049344512206381	-0.9668717625546589	-0.2252255676529809	-0.1201350841754393
cam0_frame_0000061	457429.0567407557391562	5547265.4779130881652236	241.0644202375297027	120.3648731624112855	-74.9652202286493008	118.8528176371696787	-0.1251789719448226	-0.0406400777327709	0.9913014723406353	-0.2272033293911519	0.9737825768172694	0.0112312154593689	-0.9657685396079191	-0.2238210829412485	-0.1311306628313668
cam0_frame_0000062	457430.1798864137381315	5547265.0165610630065203	241.0444217935877589	118.7209611254075696	-75.2385109245247321	117.0084629966387411	-0.1157084304903005	-0.0430286299247539	0.9923507928753168	-0.2270076826680223	0.9737655447732780	0.0157535971160691	-0.9669948661307183	-0.2234484298875233	-0.1224407124188468
cam0_frame_0000063	457431.2607736096833833	5547264.5797380432486534	241.0128241816170203	120.8608235034699590	-74.9156057394116175	119.9768316266857084	-0.1300296212843741	-0.0302065792929444	0.9910498777337403	-0.2254283753676630	0.9742597362695615	0.0001177415005675	-0.9655435490788276	-0.2233954539631102	-0.1334920446351682
cam0_frame_0000064	457432.3835792062454857	5547264.1366818193346262	240.9766402354741786	118.2775748452934721	-75.2117885422018730	117.7018931630164928	-0.1186569256948956	-0.0236081981254856	0.9926546161510076	-0.2259899954849677	0.9741220294141422	-0.0038462645225424	-0.9668759258174443	-0.2247863981457529	-0.1209215418497416
cam0_frame_0000065	457433.4889737179037184	5547263.6720590703189373	240.9691222486393940	117.9705004951617440	-75.2741483983099045	117.2074008533044633	-0.1162209106843190	-0.0265819392632615	0.9928676147526980	-0.2260696027469861	0.9741110758204706	-0.0003829852545455	-0.9671531598632801	-0.2245016981425522	-0.1192214447890269
cam0_frame_0000066	457434.5900676245801151	5547263.2478036722168326	240.9320764103300974	118.5288981088842775	-75.0201846008729376	118.7628886860498483	-0.1243763474069935	-0.0102827345036199	0.9921818329201673	-0.2265872589883269	0.9738187173297016	-0.0183117405642263	-0.9660169451256285	-0.2270933093454378	-0.1234499517241118
cam0_frame_0000067	457435.7161652152426541	5547262.7474561054259539	240.9095853054874112	119.6847812447315818	-75.0031936149459000	119.0286265999950359	-0.1255649215205135	-0.0258101823350343	0.9917496080016263	-0.2262584401388611	0.9740617283433249	-0.0032966107966073	-0.9659402511281310	-0.2248056579907347	-0.1281477560703898
cam0_frame_0000068	457436.8828078992664814	5547262.2964854314923286	240.8938456936237174	117.0108015416113716	-75.2473109729205447	116.8359059136351448	-0.1149571811662867	-0.0163112483029980	0.9932365225247708	-0.2272226024258659	0.9737883020578700	-0.0103068774159667	-0.9670339887744992	-0.2268706370468617	-0.1156502425454990
cam0_frame_0000069	457438.0175873279804364	5547261.7838692255318165	240.8644148118808630	118.8524937997952549	-75.1204240965971763	117.6614684300113112	-0.1192130699883814	-0.0344206375733743	0.9922718698285202	-0.2274389420478647	0.9737709553711995	0.0064539999697689	-0.9664676774647426	-0.2249118631475541	-0.1239148184496210
cam0_frame_0000070	457439.1672851233743131	5547261.3436637008562684	240.8345195551136442	117.0063777038866277	-75.3887627327293188	116.5502906854854075	-0.1127555906941707	-0.0208394065447024	0.9934041956334154	-0.2256564962760276	0.9741931783982878	-0.0051765674601193	-0.9676597141845037	-0.2247517970942765	-0.1145482747458799
cam0_frame_0000071	457440.3018050611717626	5547260.8501451117917895	240.7984574423414301	117.1290058114184518	-75.2803086134751425	115.9499472921281011	-0.1111863351139115	-0.0333583487156122	0.9932395579390226	-0.2284721203679082	0.9735244173491404	0.0071203258077632	-0.9671804842419688	-0.2261358649042303	-0.1158640647719850
cam0_frame_0000072	457441.4019941054284573	5547260.4021172635257244	240.7784677873747796	119.0878012530867380	-75.0623464490425363	118.4814633748291470	-0.1229228781646336	-0.0246649639390579	0.9921096741679359	-0.2265705510228974	0.9739871163900649	-0.0038577863273258	-0.9662068885248661	-0.2252570457500756	-0.1253136541125710
cam0_frame_0000073	457442.5174387029255740	5547259.9488004371523857	240.7329041020294085	118.9813355972728175	-75.0909896653902678	118.6120398135236229	-0.1232075857587839	-0.0205477335060065	0.9921681719644397	-0.2258657559571876	0.9741266145792029	-0.0078739478249108	-0.9663356306674097	-0.2250669442993070	-0.1246608177672220
cam0_frame_0000074	457443.6384683962678537	5547259.4510059747844934	240.7235062935696135	119.0158042834825096	-75.3456559723689310	117.6991568056964894	-0.1175957445340888	-0.0362009565477794	0.9924014971837251	-0.2239948960574892	0.9745486940514354	0.0090071895081805	-0.9674696519310918	-0.2212336630525912	-0.1227116087608041
cam0_frame_0000075	457444.7424206123687327	5547259.0242967493832111	240.6991638609030986	118.2782484953149975	-75.2521257473316467	117.8482240267980785	-0.1189157021978793	-0.0210581044916136	0.9926810222856112	-0.2250842940979996	0.9743189600003189	-0.0062948180515653	-0.9670553843090844	-0.2241854598744473	-0.1206016718776821
cam0_frame_0000076	457445.8356268991483375	5547258.5709229372441769	240.6574125903450181	118.8966829668460718	-75.0943337512752009	118.6249125734405112	-0.1232313081819645	-0.0188566615024058	0.9921988061879260	-0.2257885616564742	0.9741297191317781	-0.0095297287130158	-0.9663506455261787	-0.2252015022623675	-0.1243008981058099
cam0_frame_0000077	457446.9523235818487592	5547258.1256912946701050	240.6489884119757221	117.0107985274470508	-75.2398715582892237	116.9570720205309726	-0.1154943612847169	-0.0142652017343303	0.9932056969887529	-0.2270909063416646	0.9737943548622024	-0.0124207365091015	-0.9670009166326353	-0.2269825069426853	-0.1157072546284688
cam0_frame_0000078	457448.0600229325937107	5547257.6668231571093202	240.6170483476275876	116.3329268853508580	-75.2962346933168476	116.0727702838612885	-0.1115576843173048	-0.0174405348364274	0.9936049067986633	-0.2279917586088920	0.9736258883534084	-0.0085080864159569	-0.9672510744766251	-0.2274828724819866	-0.1125917477045217
cam0_frame_0000079	457449.1663512730156071	5547257.2230090284720063	240.5940678842009106	115.7474890574118831	-75.1747715066598658	115.6508534714818381	-0.1107631687998933	-0.0146663240756536	0.9937386071676566	-0.2306549736167112	0.9729694124677730	-0.0113492531908732	-0.9667108169371439	-0.2304678314650977	-0.1111520358630250
cam0_frame_0000080	457450.2450857601943426	5547256.7564314138144255	240.5624477155441809	118.4295155949005647	-74.7899597621186416	117.9618637493025801	-0.1230155381626119	-0.0226059533312918	0.9921472412119821	-0.2317305421883880	0.9727578415548543	-0.0065679152413105	-0.9649705348805419	-0.2307187737647823	-0.1249028192029168
cam0_frame_0000081	457451.3493781270226464	5547256.3060783986002207	240.5348301055178126	118.3059010996433642	-74.8224844858583253	117.7111039790950713	-0.1217454310150582	-0.0246615286607965	0.9922549365113134	-0.2317817212303912	0.9727584859296170	-0.0042616611076650	-0.9651193106193841	-0.2305053948523378	-0.1241449927042288
cam0_frame_0000082	457452.4488400785485283	5547255.8244470162317157	240.5181239209180148	119.0307718005660860	-74.9096529846177361	117.5661361872075759	-0.1204789626317487	-0.0395129554453436	0.9919292040842189	-0.2307871230116856	0.9729451512374879	0.0107255086336724	-0.9655165060293722	-0.2276322890879853	-0.1263385038276022
cam0_frame_0000083	457453.5346957073779777	5547255.4057974601164460	240.4927762678999841	119.2840330651592922	-74.7358226269585799	118.6454778914354904	-0.1262086046747197	-0.0258952007854186	0.9916656829205815	-0.2310464171143093	0.9729345100324527	-0.0039990407039767	-0.9647222093663549	-0.2296255163613014	-0.1287757003130045
cam0_frame_0000084	457454.6082857638830319	5547254.9618928218260407	240.4690559594595527	120.6569347109919903	-74.4828342161747088	120.2420189857867001	-0.1347409823362944	-0.0230337916076303	0.9906130991074297	-0.2311181502610407	0.9728857609163155	-0.0088145803188041	-0.9635503454926293	-0.2301363523011040	-0.1364111104367115
cam0_frame_0000085	457455.7487490457715467	5547254.5411924840882421	240.4457201375957709	114.7793996284453897	-75.2270701486970381	114.6704735858079971	-0.1064320866241613	-0.0144283008572157	0.9942152860780209	-0.2317144167768843	0.9727251288278362	-0.0106889103569140	-0.9669439694183810	-0.2315116581972569	-0.1068724104911139
cam0_frame_0000086	457456.8223569227266125	5547254.0827974509447813	240.4424464042652403	116.2083779525324303	-75.1207030671628075	115.8979534508618912	-0.1121552801376929	-0.0185576247869357	0.9935173917448568	-0.2309956814374937	0.9729226742430485	-0.0079034866346159	-0.9664689277439101	-0.2303846446836746	-0.1134051462655621
cam0_frame_0000087	457457.9053510454832576	5547253.6937087727710605	240.3886830945008057	115.7479928985092386	-75.1256378446842348	116.8953982332691908	-0.1161217607039664	0.0063714530837494	0.9932145494688509	-0.2289340634961188	0.9728821826697254	-0.0330068661788227	-0.9664910404458835	-0.2312134581493759	-0.1115141493642889
cam0_frame_0000088	457458.9850812147487886	5547253.2041269633919001	240.3795192973365147	116.7184359933131645	-75.1610704775270904	116.6722225523287193	-0.1149608312126253	-0.0141786463071407	0.9932688323287907	-0.2288505010182378	0.9733801312073170	-0.0125923927245052	-0.9666496032537354	-0.2287577018588086	-0.1151453792805970
cam0_frame_0000089	457460.0801412009168416	5547252.7738760234788060	240.3548974267289964	115.5871160625708569	-75.1845469598698912	115.8535140487264812	-0.1115063978203232	-0.0084261690819488	0.9937279924203294	-0.2301133221519406	0.9730052069931217	-0.0175706042147030	-0.9667544580778167	-0.2306292844347288	-0.1104352794526822
cam0_frame_0000090	457461.1436043460853398	5547252.3120470503345132	240.3316114628377136	118.1707206789799756	-75.0757574520644937	118.1202795827892800	-0.1213855830483132	-0.0148961167631535	0.9924936503239705	-0.2271414639719457	0.9737727844886334	-0.0131650876918884	-0.9662671967798051	-0.2270345125628091	-0.1215855029708119
cam0_frame_0000091	457462.2298316230881028	5547251.8685671593993902	240.3047029434374338	117.7068133707848716	-75.2674716352754274	117.6817506933743402	-0.1181408859127959	-0.0139592807396852	0.9928987206945986	-0.2251994795892330	0.9742246227576182	-0.0130988093167103	-0.9671235316486092	-0.2251477801223177	-0.1182393827686616
cam0_frame_0000092	457463.3097844650619663	5547251.3880539359524846	240.2873894235349610	118.2666389358058581	-75.5059849234855989	117.5909197190284061	-0.1159180574690359	-0.0247759838507939	0.9929497240932346	-0.2218164068593488	0.9750871925128162	-0.0015648148394438	-0.9681737889452561	-0.2204339302868303	-0.1185259329332098
cam0_frame_0000093	457464.3999480857746676	5547250.9526644712314010	240.2585461189929958	116.9693058513114607	-75.7910004921771616	116.8029183882569555	-0.1106834049298533	-0.0151989487128171	0.9937394909286635	-0.2190881693087762	0.9756590120585369	-0.0094797815317409	-0.9694068072497033	-0.2187658203353205	-0.1113191713540448
cam0_frame_0000094	457465.4873107364401221	5547250.4507568590342999	240.2177260155151544	117.5978160343241115	-75.9784887038893970	116.3528793273988953	-0.1075504394208195	-0.0334477216283915	0.9936368314924012	-0.2171070951806489	0.9761029336170928	0.0093580022615095	-0.9702048300243664	-0.2147191488944928	-0.1122420371136204
cam0_frame_0000095	457466.5948751702089794	5547249.9963464178144932	240.1892965398505737	115.8416605211295263	-76.2235848876122333	114.7699693344009972	-0.0997723532879860	-0.0295511258143504	0.9945713692251962	-0.2162247204006850	0.9763161994346710	0.0073177188443900	-0.9712323860987252	-0.2143208101994400	-0.1037990486875132
cam0_frame_0000096	457467.6688198657939211	5547249.5315819503739476	240.1351964042585223	118.2501520935294650	-75.8919127328026377	117.3977353297093487	-0.1121660210288293	-0.0271033790583158	0.9933197826330558	-0.2164111261636139	0.9762998395650078	0.0022017579196562	-0.9698376195008919	-0.2147184903750992	-0.1153731411199408
cam0_frame_0000097	457468.7643178311409429	5547249.0674867229536176	240.0973771767301059	118.8587160317520670	-75.7596319501948301	118.2382118354419163	-0.1163874870659969	-0.0235626005964197	0.9929243459134216	-0.2167145739501635	0.9762324483664825	-0.0022361113529449	-0.9692722766550489	-0.2154414319705411	-0.1187276004070714
cam0_frame_0000098	457469.8633681716746651	5547248.5930949337780476	240.0667229832116334	119.0062298994175620	-75.8509634961058481	118.2247542560360927	-0.1156057294544448	-0.0261865273751399	0.9929499388696980	-0.2153802833579408	0.9765300172132286	0.0006775117600256	-0.9696631625765509	-0.2137835149527740	-0.1185325266603150
cam0_frame_0000099	457470.9175946103059687	5547248.1538267470896244	240.0409756690696383	118.2678983188871484	-75.9865433119016132	117.6649648353614310	-0.1124302764178211	-0.0226931765846464	0.9934004493058729	-0.2144666569797816	0.9767293432205381	-0.0019603917704018	-0.9702388808888918	-0.2132716807934773	-0.1146808797620430
cam0_frame_0000100	457471.8992245953413658	5547247.7337524900212884	240.0110137950200055	118.5148722931526066	-75.9590986984029968	117.9632116664386103	-0.1137630378102631	-0.0219382546995599	0.9932656664804831	-0.2142889701364953	0.9767657951628177	-0.0029696258668755	-0.9701227801191049	-0.2131837104018180	-0.1158209700930402
cam0_frame_0000101	457472.8348269806592725	5547247.3276187870651484	239.9837086556098313	118.0406759897916515	-75.9442880180345128	117.2737242836037552	-0.1112910575593305	-0.0254946772288995	0.9934607802728400	-0.2158653117154515	0.9764227572226922	0.0008754288245976	-0.9700600330419333	-0.2143562936109649	-0.1141705377234121
cam0_frame_0000102	457473.7340598907321692	5547246.9521943377330899	239.9589595316845987	117.3697216214997212	-75.7999516324121174	116.6663111527206524	-0.1100927607584283	-0.0244543108776576	0.9936204359352148	-0.2192161013824843	0.9756762908414163	-0.0002763776405645	-0.9694451428127597	-0.2178480253971438	-0.1127756751578702
cam0_frame_0000103	457474.9155736878165044	5547246.4631331833079457	239.9231148646076122	118.0201532951845422	-75.2591836847079065	117.5416743464188158	-0.1176546531500076	-0.0217858998269717	0.9928155705673035	-0.2256116765820724	0.9742025732606705	-0.0053588844094977	-0.9670867355009983	-0.2246212830989470	-0.1195346192406413
cam0_frame_0000104	457476.0807325650239363	5547246.0161219118162990	239.8939371144678319	115.5302930689136645	-74.6359374274086349	115.3521443245309541	-0.1134470009173488	-0.0169175212817552	0.9934000077796156	-0.2394347525069017	0.9708522757402985	-0.0108100870413927	-0.9642617783956897	-0.2390808569575676	-0.1141909215376471
cam0_frame_0000105	457477.0668372377404012	5547245.6407158952206373	239.8809953125980883	114.2261924855624784	-74.0936463682983657	114.0792288532647234	-0.1118187386995928	-0.0168111388787600	0.9935864105779786	-0.2502172430222471	0.9681180599676227	-0.0117793573199907	-0.9617109238071376	-0.2499296052374053	-0.1124601772001838
cam0_frame_0000106	457478.0324799313093536	5547245.3788412511348724	239.8628062780702805	110.7043086769282638	-68.3620975221227383	110.5402500409496156	-0.1293779106642445	-0.0259910971452951	0.9912546691447857	-0.3452972705849377	0.9382701804801888	-0.0204661512812379	-0.9295327595941670	-0.3449253996023748	-0.1303660904928689
cam0_frame_0000107	457479.0122834527865052	5547245.2336941277608275	239.8527492479834962	107.0856262213585381	-63.3839292121301767	107.1608969214704246	-0.1321880114945234	-0.0285738395524499	0.9908127296872778	-0.4280644497563021	0.9032142464391771	-0.0310620650334759	-0.8940286105444044	-0.4282377385548131	-0.1316255400957638
cam0_frame_0000108	457480.0188861892092973	5547245.2494010413065553	239.8542494124926350	103.0182280738305138	-52.8788673155006066	102.1257760162491621	-0.1267707044830552	-0.0570475329693689	0.9902902440532162	-0.5900372882911595	0.8068531138919263	-0.0290525563232826	-0.7973613904064363	-0.5879911832544866	-0.1359455093193736
cam0_frame_0000109	457481.0414753423538059	5547245.5131745422258973	239.8461556661108034	100.9544011768868472	-39.1778576823730234	98.4363976335970250	-0.1137290500210482	-0.0969782781030126	0.9887673724175391	-0.7668006238639271	0.6413869104787926	-0.0252909926329835	-0.6317297732600567	-0.7610637585923036	-0.1473073281753282
cam0_frame_0000110	457481.9635195668088272	5547246.0333795892074704	239.8564392102488227	98.6145952226273579	-26.5928797874864884	95.3689257706384836	-0.0836697503260159	-0.1077169292631518	0.9906545492907702	-0.8902868474239021	0.4546713216696981	-0.0257549714645543	-0.4476479668047114	-0.8841216276063193	-0.1339412013323789
cam0_frame_0000111	457482.8248564250534400	5547246.7817095750942826	239.8492491305404997	97.5690109556146012	-13.4161007627676554	92.6768384470073983	-0.0454281683888761	-0.1208349402058542	0.9916325926179912	-0.9716493290125190	0.2359003553235250	-0.0157671743745158	-0.2320212553762123	-0.9642354170967186	-0.1281257096369196
cam0_frame_0000112	457483.4393952104146592	5547247.6115048741921782	239.8417192007706262	96.9683105055925694	-2.5776758701880449	91.0354580563819127	-0.0180528836570233	-0.1204938251206605	0.9925499138579668	-0.9988250370524038	0.0468266641408804	-0.0124823428370441	-0.0449737562243835	-0.9916090467685484	-0.1211976056605124
cam0_frame_0000113	457483.9679591613239609	5547248.5844892011955380	239.8207007992458273	97.3586422858113139	7.0553445571931030	89.5002950567953519	0.0086553473816552	-0.1270124677864017	0.9918633565106190	-0.9923902255300703	-0.1229288037811941	-0.0070816292829572	0.1228280311414272	-0.9842542061011135	-0.1271099230516163
cam0_frame_0000114	457484.3662350320955738	5547249.6902261432260275	239.8026901188570719	97.7735677485000423	15.6615593712397327	88.1507656039356817	0.0310715538605274	-0.1265567773174843	0.9914726121561328	-0.9623716155022212	-0.2716991522074226	-0.0045215445826537	0.2699545002705780	-0.9540246080708719	-0.1302367650814555
cam0_frame_0000115	457484.6169582951115444	5547250.9014584003016353	239.7821475181842459	98.6274118867778924	23.9470854009188798	86.7835223632016408	0.0512788507140614	-0.1272556638564594	0.9905435252859394	-0.9124809757156157	-0.4090845776401550	-0.0053176398951019	0.4058927794707897	-0.9035794399793680	-0.1370957593073157
cam0_frame_0000116	457484.7108685538405553	5547252.2206375226378441	239.7701702941831741	99.5662003276034397	31.6674643459438556	85.2466105240560807	0.0705290172598811	-0.1227161389299597	0.9899325264736368	-0.8481820597419055	-0.5296789841036604	-0.0052313794445511	0.5249884296404390	-0.8392740452587804	-0.1414433656932313
cam0_frame_0000117	457484.6669283515657298	5547253.2612737733870745	239.7631258970259296	100.2785404874062323	37.1051296345643777	84.1170699047291492	0.0817437738151185	-0.1166524372251154	0.9898030937170804	-0.7933296479736046	-0.6087604557710031	-0.0062271289979820	0.6032793922292885	-0.7847311108774275	-0.1423062139631978
cam0_frame_0000118	457484.5249225174775347	5547254.3421339187771082	239.7613131679647438	101.1465549681508946	42.4360813027100576	82.7309131978508674	0.0933825834362034	-0.1079981641843216	0.9897555706555011	-0.7320989015504182	-0.6811780885393829	-0.0052545259066438	0.6747672868918966	-0.7241082848764053	-0.1426755070567469
cam0_frame_0000119	457484.2770162742817774	5547255.4461343614384532	239.7548377350198905	101.8671417396763985	46.5626920750502933	82.1171105120121467	0.0942980518757016	-0.1062408153358714	0.9898589629685720	-0.6810633445113765	-0.7320964299705846	-0.0136944509675707	0.7261271226000485	-0.6728652958661893	-0.1413919921476470
cam0_frame_0000120	457484.0012136649456806	5547256.6014228956773877	239.7490563283990923	102.5835909700858082	48.8179799491896134	80.9592964472638528	0.1034667791529492	-0.0997339928238020	0.9896200060059096	-0.6502733201202924	-0.7596519975333396	-0.0085704015856219	0.7526215747315823	-0.6426367351148150	-0.1434531001042667
cam0_frame_0000121	457483.6809896138729528	5547257.7882046224549413	239.7468827220480421	102.7583812068789655	49.8785932814066300	80.6820616443620224	0.1043381138698073	-0.0971714632352546	0.9897834433484987	-0.6359064380788830	-0.7717167945180582	-0.0087287495439349	0.7646806915333477	-0.6284989226653396	-0.1423114338505124
cam0_frame_0000122	457483.3503874178859405	5547258.9797256989404559	239.7447214696038031	103.0518298125109595	50.3427105185653616	80.5181543004079572	0.1051329628721399	-0.0991978989453731	0.9894982753711846	-0.6294749945675584	-0.7769427600888835	-0.0110081224393636	0.7698755037873961	-0.6217071049861760	-0.1441248912499552
cam0_frame_0000123	457483.0203763413010165	5547260.1584885874763131	239.7424559710142944	103.5467324672845137	50.6375371608722986	80.2827505984499936	0.1070482331504089	-0.1040113581910513	0.9887984188633336	-0.6251247186336403	-0.7803918018047409	-0.0144125580367311	0.7731492494548433	-0.6165794945043201	-0.1485596345721459
cam0_frame_0000124	457482.6734327466692775	5547261.3095796061679721	239.7543603238998458	103.3091763830033045	51.0227963635517057	80.7653543332145460	0.1009424875576660	-0.1058176159217276	0.9892488293479614	-0.6208587799156029	-0.7836550308727546	-0.0204735924920673	0.7773962886503766	-0.6121171658665227	-0.1448018841181175
cam0_frame_0000125	457482.3506998539669439	5547262.4226475693285465	239.7589559426570816	103.5175471007980548	51.2906413054422927	80.4966723397128021	0.1032516640135440	-0.1052682128614383	0.9890691064022742	-0.6167875527879805	-0.7868914976494520	-0.0193619640743583	0.7803282697712859	-0.6080463586668056	-0.1461759799275870
cam0_frame_0000126	457482.0145606395089999	5547263.5031213136389852	239.7723759515353095	103.1745744145718646	51.7434314152367136	80.8271354503420127	0.0987063833948384	-0.1031199193387855	0.9897592293647348	-0.6112657743081684	-0.7911342347041131	-0.0214656897996014	0.7852459506654889	-0.6028871411090961	-0.1411236764287055
cam0_frame_0000127	457481.6973626915132627	5547264.5490130223333836	239.7768084969106326	103.3868293686465165	52.0677910946951741	80.4826605328023845	0.1016429779828244	-0.1014661378361836	0.9896329258363382	-0.6062673210708975	-0.7950280250714522	-0.0192451228238176	0.7887386388584628	-0.5980259711948932	-0.1423246196134199
cam0_frame_0000128	457481.3806644408614375	5547265.5602985695004463	239.7827939868011242	103.4398051445560185	52.3803120135919613	80.3090377147751155	0.1027539340536618	-0.0994244829069872	0.9897254170906061	-0.6017067393977699	-0.7985199073393863	-0.0177470376683517	0.7920799383899330	-0.5937008756784650	-0.1418754433255607
cam0_frame_0000129	457481.0698009049519897	5547266.5338191268965602	239.7879413197684357	103.3574461858179632	52.5772274510389650	80.2992725111874961	0.1023971755489294	-0.0975224444451116	0.9899516105694520	-0.5990023556321342	-0.8005687514643416	-0.0169071619729579	0.7941731526479323	-0.5912521010603478	-0.1403921529323079
cam0_frame_0000130	457480.7756686559296213	5547267.4768811389803886	239.7880776977627022	103.5620032878902066	52.5969828910277002	80.0018398655103198	0.1054577628007367	-0.0968638811715618	0.9896949271313081	-0.5981930189985560	-0.8012176491962123	-0.0146761928949114	0.7943826359421866	-0.5904808778791036	-0.1424379183106326
cam0_frame_0000131	457480.4691491801058874	5547268.4205580316483974	239.7878367026673345	103.7342595409986501	52.6511828412138954	80.0328172857718840	0.1050042167525918	-0.1001754901719805	0.9894134553527044	-0.5975095621106722	-0.8016652130431029	-0.0177541370635004	0.7949568778559548	-0.5893197411977307	-0.1440340410602733
cam0_frame_0000132	457480.1525443495484069	5547269.4121759412810206	239.7885395234932275	103.7393361450648683	52.5545131585938421	80.0988417257707823	0.1045460895357237	-0.1013580352180449	0.9893415304431155	-0.5989505928570384	-0.8005670124134712	-0.0187255427577228	0.7939321775057302	-0.5906090139272402	-0.1444046058437987
cam0_frame_0000133	457479.8363496346864849	5547270.4351076548919082	239.7936324930408887	103.3654942105194863	52.1391100468929523	80.3574118306410554	0.1028035058720611	-0.0992348352033543	0.9897393023733960	-0.6050752996387120	-0.7959875910321237	-0.0169598552470217	0.7895032114865250	-0.5971232723693157	-0.1418748626340270
cam0_frame_0000134	457479.5295995355700143	5547271.4563488345593214	239.7930902906380766	103.2937118559306100	51.7777693516848956	80.4409287838084879	0.1027462250916815	-0.0997830532807220	0.9896901310548600	-0.6101223737670715	-0.7921348615936660	-0.0165242269658134	0.7856168928035110	-0.6021342901097394	-0.1422687401216316
cam0_frame_0000135	457479.2213333908584900	5547272.4704517805948853	239.7982332778625221	103.0196445689603166	51.7032990869855595	80.7008453626727942	0.1001423335603922	-0.0987673467128491	0.9900588488834302	-0.6115893636119726	-0.7909916740546756	-0.0170476359910852	0.7848120560655154	-0.6038022712771841	-0.1396168107884316
cam0_frame_0000136	457478.9287175919744186	5547273.4498519748449326	239.7989614945784638	103.1472743761634092	51.6059551053103576	80.7146579854799455	0.1002098886388013	-0.1013288055308188	0.9897931356544638	-0.6129285076944512	-0.7899144057561049	-0.0188115930859978	0.7837580128295035	-0.6047873219146360	-0.1412645481954709
cam0_frame_0000137	457478.6345945957000367	5547274.4146795524284244	239.7979072447254794	103.1364806052225305	51.5402644860965964	81.0079328308028863	0.0972116306731858	-0.1052927401387376	0.9896784011667306	-0.6143205568238883	-0.7887044786458079	-0.0235690226278596	0.7830454343941022	-0.6056886033582938	-0.1413547432399465
cam0_frame_0000138	457478.3446044111624360	5547275.4057990610599518	239.8005721507967962	103.3708505889234033	51.4039553729314065	80.9006607238237478	0.0986559547828096	-0.1080915081966751	0.9892336571516663	-0.6159751911383027	-0.7873812179118216	-0.0246045032835146	0.7815635396357890	-0.6069160102810480	-0.1442615332530173
cam0_frame_0000139	457478.0385211159591563	5547276.4432388646528125	239.8076440779807683	103.1848317527139614	51.3237703746425780	81.0911575650074070	0.0967767138531288	-0.1076285602198364	0.9894697371222601	-0.6173797896698432	-0.7862633895646496	-0.0251411522712949	0.7806897354026181	-0.6084455400899189	-0.1425396849360805
cam0_frame_0000140	457477.7270985051291063	5547277.5138378245756030	239.8116407634276186	103.1672304682024901	51.2008359328078271	81.1521853370779525	0.0963764856858453	-0.1083630949732578	0.9894286293890342	-0.6191362209041938	-0.7848645413893046	-0.0256513476104111	0.7793471068601716	-0.6101189157185454	-0.1427340033457594
cam0_frame_0000141	457477.4090707624563947	5547278.6134118279442191	239.8188773422344866	103.0720132331065599	51.0809959872903860	81.2892159355009625	0.0951421268509564	-0.1087891533365201	0.9895013369443213	-0.6209748727070082	-0.7833850744407420	-0.0264203067731682	0.7780348213060854	-0.6119417825739603	-0.1420882527706365
cam0_frame_0000142	457477.0912892208434641	5547279.7277680216357112	239.8252614734324197	102.8343191636994618	50.9200625275106162	81.4669379326437308	0.0935394068641523	-0.1073687088754655	0.9898092441061146	-0.6234257141935378	-0.7814550735452241	-0.0258524063233196	0.7762671951369451	-0.6146543161687263	-0.1400332580831286
cam0_frame_0000143	457476.7817125515430234	5547280.8346965555101633	239.8312527217769912	102.7348756755111623	50.7369440487562287	81.5013169422312274	0.0935314950892231	-0.1064105247894378	0.9899134606825037	-0.6259322625924193	-0.7794877692210251	-0.0246499549850398	0.7742484498352640	-0.6173132250720588	-0.1395124370041059
cam0_frame_0000144	457476.4790897273342125	5547281.9338359758257866	239.8362578236504135	102.5575865683241545	50.5645915926690677	81.5232903152950996	0.0936343320393269	-0.1039203339207560	0.9901682564399586	-0.6282688389415365	-0.7776792996180242	-0.0222074978481038	0.7723411667641465	-0.6200124766030262	-0.1381073892953559
cam0_frame_0000145	457476.1824846564559266	5547283.0041588768362999	239.8402104186031920	102.3791148493708647	50.6070340990099936	81.5416607228191737	0.0933487101191187	-0.1010173273256172	0.9904955920644403	-0.6277327580676769	-0.7781667250112084	-0.0202022903176383	0.7728114923885672	-0.6198806721178838	-0.1360527455321509
cam0_frame_0000146	457475.8910003004712053	5547284.0422264104709029	239.8393391660103191	102.5361630011418157	50.6799045002849979	81.5069746789985885	0.0935834765240565	-0.1031445507429615	0.9902541767514561	-0.6267035185080437	-0.7789497431226272	-0.0219088470447658	0.7736180147923840	-0.6185454707143409	-0.1375378778644822
cam0_frame_0000147	457475.5985735616413876	5547285.0918835047632456	239.8374195332773695	102.6888564881023882	50.7138681220501581	81.3803428723756497	0.0948996039725929	-0.1040066011567887	0.9900387326168899	-0.6260416419265394	-0.7794826541789773	-0.0218781719533288	0.7739934933445937	-0.6177292438843331	-0.1390850585444859
cam0_frame_0000148	457475.2957761547295377	5547286.1728785512968898	239.8392180217726946	102.6146878804395612	50.6600547702940531	81.4307470835436789	0.0944571037124429	-0.1034971581098100	0.9901344321966841	-0.6268434434043441	-0.7788454483994340	-0.0216116859238191	0.7733984438950223	-0.6186178996526674	-0.1384440002675471
cam1_frame_0000052	457419.7462600290891714	5547269.1197267463430762	241.3460552609462866	-96.5317929853066516	-31.9120398229575990	-94.0827702935741996	-0.0604367506600796	0.0760739538239811	0.9952688846333128	0.8467064196580761	0.5319516521130928	0.0107554044067853	-0.5286167213392455	0.8433505755993400	-0.0965617344335122
cam1_frame_0000053	457420.7317250923370011	5547268.7911262530833483	241.3353862769519367	-97.7387652137645375	-32.1032890737468435	-93.9870368269681933	-0.0588989209208672	0.0977153508897835	0.9934699931627750	0.8450412903625883	0.5346952464571160	-0.0024921874920862	-0.5314472078171916	0.8393763778047669	-0.1140664792419761
cam1_frame_0000054	457421.7150470822234638	5547268.3593600532040000	241.2774197329493688	-97.1361627292714758	-32.1090704912793967	-94.7313130588974985	-0.0698663655383044	0.0803015726029119	0.9943190375347178	0.8441514676518166	0.5358647948206298	0.0160381212468411	-0.5315326806770702	0.8404764000906532	-0.1052256160015426
cam1_frame_0000055	457422.7574626812711358	5547268.0407458366826177	241.2643105260859784	-98.2829376963057797	-32.2497601667817833	-93.7942892527864274	-0.0559657194508557	0.1088026785073750	0.9924866827297832	0.8438762733695161	0.5364204914173458	-0.0112201440075646	-0.5336109757963429	0.8369080197591574	-0.1218371576017774
cam1_frame_0000056	457423.7802690326352604	5547267.5741813909262419	241.2216021935532240	-96.8999323332920710	-32.0237187320370396	-94.2081381168701739	-0.0622135409641055	0.0811824480713440	0.9947556913362454	0.8455429615877683	0.5338261108403657	0.0093157659070817	-0.5302702852603510	0.8416882400926087	-0.1018544601856647
cam1_frame_0000057	457424.8210132116219029	5547267.2029027836397290	241.1948780328676776	-97.7961622151886587	-31.8541215228633128	-94.2608076838065898	-0.0631071271487771	0.0964260755825546	0.9933375571530435	0.8470469854963997	0.5315133921637827	0.0022177267666170	-0.5277583678772800	0.8415435377318853	-0.1152196998660075
cam1_frame_0000058	457425.8378408941789530	5547266.7477585421875119	241.1638333405623484	-97.2164801830328855	-31.3879261525302482	-95.1040459909039271	-0.0759455992549510	0.0791521022871162	0.9939653971126645	0.8502756226432872	0.5258308271226775	0.0230934359949209	-0.5208297528870418	0.8468983917513432	-0.1072356403282602
cam1_frame_0000059	457426.8936782389064319	5547266.3070807214826345	241.1273089991950940	-96.4208740542318168	-31.0245511535847385	-94.6865792450679606	-0.0700168655704553	0.0696100061718987	0.9951141068120969	0.8540813732229688	0.5195970450431953	0.0237469723532790	-0.5154053224882885	0.8515711114305885	-0.0958331661149488
cam1_frame_0000060	457427.9390888117486611	5547265.8585915612056851	241.1131176142547474	-96.1172379761516851	-30.7021558617382091	-94.8873501506921002	-0.0732551512222086	0.0629240074743123	0.9953262038662423	0.8567068199489788	0.5149010654877773	0.0305011051022773	-0.5105752711132021	0.8549371099928490	-0.0916265817585465
cam1_frame_0000061	457429.0072670479421504	5547265.3890876332297921	241.0597721018449135	-95.9367678201127916	-30.6270856104642455	-95.5056129085077714	-0.0825593031287008	0.0543377103759713	0.9951037004744787	0.8565316291654065	0.5143018222622684	0.0429791095413192	-0.5094482600874775	0.8558861190887531	-0.0890023676372416
cam1_frame_0000062	457430.1303634702926502	5547264.9277499187737703	241.0400319128781632	-95.4753607325039866	-30.6775876354829542	-94.8721715865629704	-0.0730467812872798	0.0519372606891852	0.9959752450215176	0.8569442593549290	0.5141475976319160	0.0360386488087727	-0.5102065308306050	0.8561277759782316	-0.0820641645078155
cam1_frame_0000063	457431.2111563833896071	5547264.4909599358215928	241.0088507422809130	-96.6816796291465721	-30.4913106740022961	-95.8113557276960535	-0.0872507396866843	0.0647273501728742	0.9940813239185841	0.8572775221014143	0.5131524570669665	0.0418306813929009	-0.5074076847307160	0.8558533320293457	-0.1002622338195236
cam1_frame_0000064	457432.3339724181569181	5547264.0478534139692783	240.9738323342706678	-96.6844712381159184	-30.5992251101549684	-95.0590200654309854	-0.0759024494438760	0.0713660355326733	0.9945580461394747	0.8573957701289063	0.5138645152608644	0.0285613956377680	-0.5090297747023060	0.8548977417960968	-0.1001925123871721
cam1_frame_0000065	457433.4393666583928280	5547263.5832354724407196	240.9661706478778740	-96.4310925396815151	-30.6196174394282821	-94.8974447043572837	-0.0734688042443607	0.0683896093871631	0.9949498460378668	0.8574258438565785	0.5138455736790890	0.0279937260335619	-0.5093360944305224	0.8551523769120213	-0.0963906384042692
cam1_frame_0000066	457434.5405347333289683	5547263.1589098684489727	240.9301831879508029	-97.6555420769088727	-30.5965231491343808	-95.4460333019944329	-0.0816943648613414	0.0847392135839537	0.9930484864451863	0.8568874153017696	0.5148188109686664	0.0265621793206359	-0.5089891828392380	0.8531007311882823	-0.1146697614834138
cam1_frame_0000067	457435.6666066200705245	5547262.6586194830015302	240.9062377482847239	-96.7950260900252033	-30.5694934638291684	-95.5220376734063308	-0.0828540736560681	0.0691722149321196	0.9941581399153658	0.8570172012032443	0.5140525832442665	0.0356575167623176	-0.5085830505633798	0.8549649971439074	-0.1018731286373659
cam1_frame_0000068	457436.8333023732993752	5547262.2075777901336551	240.8918875829673709	-96.9941285469706855	-30.6949434629686806	-94.8241120082654447	-0.0723149521173333	0.0787268797598265	0.9942698960058832	0.8568511876437204	0.5151139314155738	0.0215332276990143	-0.5104670311918431	0.8534985155610252	-0.1047076597069792
cam1_frame_0000069	457437.9681146378861740	5547261.6950024999678135	240.8606244673517836	-96.0964568607986962	-30.6800367715150770	-95.1100015708806836	-0.0766013030940487	0.0605910710792995	0.9952190525054055	0.8566119434116539	0.5148004125143280	0.0345906588487084	-0.5102432937029194	0.8551662162296529	-0.0913374175825827
cam1_frame_0000070	457439.1176303799147718	5547261.2548466883599758	240.8322510634112916	-96.6399460182447854	-30.6177319520395734	-94.6626707983139113	-0.0699561907868028	0.0741235215882017	0.9947923576897666	0.8577363942826012	0.5136167604890063	0.0220477043671544	-0.5093077746252087	0.8548119833578280	-0.0995091142266601
cam1_frame_0000071	457440.2524032302899286	5547260.7612189091742039	240.7951717858315703	-95.8965158736947814	-30.7918664452499335	-94.5843008626265487	-0.0686588678594756	0.0617041821364056	0.9957301611235509	0.8562843729500090	0.5157942614494676	0.0270804818533276	-0.5119209240750618	0.8544874918702294	-0.0882501769485989
cam1_frame_0000072	457441.3524545417167246	5547260.3132613943889737	240.7753579454528108	-96.7753390798307720	-30.6051463938699584	-95.3489681029942489	-0.0802354469508417	0.0703334383042419	0.9942914464627071	0.8569483035873408	0.5143596629439425	0.0327680044398924	-0.5091187268519763	0.8546855237995421	-0.1015419980900754
cam1_frame_0000073	457442.4678357930388302	5547259.8599684368818998	240.7301417301396214	-97.0141363332593158	-30.5622210148586220	-95.3610737844224445	-0.0804521194370296	0.0744279256546598	0.9939758248372212	0.8573108492332479	0.5138701498069975	0.0309124072873923	-0.5084737596622442	0.8546332271916874	-0.1051498108170613
cam1_frame_0000074	457443.5886763406451792	5547259.3623225372284651	240.7196064446023627	-95.8980197668791874	-30.4898824114345466	-94.9693413290395796	-0.0746443822142202	0.0586534225892444	0.9954837980712822	0.8584797354224135	0.5117044035740282	0.0342220284613699	-0.5073862040624678	0.8571571497581500	-0.0885486337871120
cam1_frame_0000075	457444.6927320194663480	5547258.9355077901855111	240.6965624178626229	-96.8296572799941657	-30.5447835272176853	-95.0675976725907503	-0.0760734960933833	0.0738807984531490	0.9943613280956050	0.8578657920404030	0.5131371748132687	0.0275049572177301	-0.5082116744418825	0.8551209665565347	-0.1024159485451140
