# Cameras (738)
# PhotoID, X, Y, Z, Omega, Phi, Kappa, r11, r12, r13, r21, r22, r23, r31, r32, r33
cam0_frame_0000502	457204.5338368353550322	5547161.3851632177829742	246.0630201287419254	-100.2400687206022383	-30.3705072152990887	-95.8244347057952126	-0.0875548014682458	0.1263649434991691	0.9881123710359611	0.8583199812923769	0.5130084306691011	0.0104479556220525	-0.5055897214680193	0.8490313605025899	-0.1533779072389884
cam0_frame_0000503	457204.4621160387760028	5547160.3274606894701719	246.0561407275357908	-99.9536645717103482	-30.5238925312839307	-95.3383286225231075	-0.0801434078729042	0.1255601468543357	0.9888436093217348	0.8576811999213960	0.5141644674454889	0.0042260759447621	-0.5078976210575421	0.8484512655058132	-0.1488974700445715
cam0_frame_0000504	457204.3692880731541663	5547159.2987032737582922	246.0512240181389814	-100.1239348180321969	-30.5235989669967225	-95.5196164079293624	-0.0828570147601585	0.1268711033476797	0.9884525472881223	0.8574259180497709	0.5145744339264322	0.0058264059075364	-0.5078932074378832	0.8480075914074333	-0.1514186737289140
cam0_frame_0000505	457204.2777788470266387	5547157.9372665109112859	246.0506654129620472	-99.8173252557695605	-30.5352471543490935	-94.9344022897972906	-0.0740862882224040	0.1268139097395724	0.9891559301717758	0.8581245836690983	0.5134391762479189	-0.0015528028192250	-0.5080683229646998	0.8487039793652577	-0.1468609362948978
cam0_frame_0000506	457204.1975288939429447	5547156.8918264759704471	246.0429748477137082	-99.8888572637779504	-30.4957271722956200	-94.7380835519938955	-0.0711745037504690	0.1298555840008365	0.9889750842764830	0.8587224360234801	0.5124116886723039	-0.0054808012094626	-0.5074741056307929	0.8488650002301900	-0.1479805510816408
cam0_frame_0000507	457204.0868825057987124	5547155.8209394905716181	246.0495240505477170	-100.4001026884680101	-30.2953252367151329	-95.2623712841474344	-0.0791915057770383	0.1342530421066889	0.9877777209969181	0.8597974536462661	0.5106350129744830	-0.0004714105922849	-0.5044571776832611	0.8492514375670204	-0.1558683793275226
cam0_frame_0000508	457203.9968969865585677	5547154.7237835666164756	246.0404247997165612	-100.6277667591461551	-30.1529098438818366	-95.0992142657603807	-0.0768540145608195	0.1398180306483092	0.9871901431596216	0.8612657422390186	0.5081310293630902	-0.0049171377730086	-0.5023094481406419	0.8498551496014106	-0.1594723894741888
cam0_frame_0000509	457203.8954578433767892	5547153.5910233007743955	246.0544684839102274	-100.3434682414841319	-30.1208783624882201	-95.0752762893937984	-0.0765190045584156	0.1351723136164940	0.9878629902840544	0.8615773593165578	0.5076189953781861	-0.0027220294539069	-0.5018259617182984	0.8509120995513029	-0.1553039052396901
cam0_frame_0000510	457203.7838972751051188	5547152.4427587175741792	246.0553184636989101	-100.3054324122342535	-30.0462160574138863	-95.2492235094933619	-0.0791941148740637	0.1330762561424213	0.9879367399891709	0.8619915380614880	0.5069220095307476	0.0008152077643932	-0.5006983927273019	0.8516576696680574	-0.1548558465666394
cam0_frame_0000511	457203.6841897490667179	5547151.2677682302892208	246.0608266611149304	-99.8397098216789374	-29.9617095681151184	-95.0302803951694841	-0.0759643049083723	0.1270880396239290	0.9889782882168520	0.8630225724591827	0.5051634904278217	0.0013738139302275	-0.4994211287137555	0.8536149472234703	-0.1480542403004742
cam0_frame_0000512	457203.5589349368237890	5547150.0823489390313625	246.0551583006396470	-100.0150334795330451	-29.7671364937370875	-95.4206345713000275	-0.0820019835315904	0.1269429854320679	0.9885146195916774	0.8641684486510788	0.5031529236880868	0.0070730290623881	-0.4964761495307416	0.8548231476941442	-0.1509596605501085
cam0_frame_0000513	457203.4448377386434004	5547148.8712359536439180	246.0490445431252340	-99.8686522563248076	-29.7481079985663541	-95.4071827118498561	-0.0818146255460616	0.1245619714838694	0.9888329900983330	0.8643517804656100	0.5028212014133613	0.0081755131431511	-0.4961878340434058	0.8553684321210817	-0.1488034901406438
cam0_frame_0000514	457203.3306992117431946	5547147.6495164707303047	246.0435203620568529	-99.8028709106311851	-29.8838957800996319	-95.5341456709484618	-0.0836161177580459	0.1221167114951956	0.9889872868872845	0.8629954817773301	0.5051005120845220	0.0105958069002445	-0.4982440599575525	0.8543775403564597	-0.1476207141679680
cam0_frame_0000515	457203.2112814447609708	5547146.4518808405846357	246.0337500880349921	-100.0487846557886655	-29.9291617363587292	-95.7979990717044672	-0.0875496139959671	0.1239646261346340	0.9884168334040341	0.8622093827394065	0.5063887645155164	0.0128607732496958	-0.4989288981461055	0.8533482235522324	-0.1512176046462919
cam0_frame_0000516	457203.1144002897199243	5547145.2915522921830416	246.0299247774413232	-100.0349788894864247	-30.0118773935357268	-95.6013829375471857	-0.0845199547181238	0.1253432365430507	0.9885066769159223	0.8617869974840978	0.5071836956848765	0.0093738892021715	-0.5001795159957962	0.8526744817832566	-0.1508863144684310
cam0_frame_0000517	457203.0104611699352972	5547144.1695528728887439	246.0216443512550484	-100.1988434427049555	-30.0418070112714553	-95.7611232274481097	-0.0868960407480173	0.1267105536298121	0.9881262640478422	0.8612879305804968	0.5080066646997131	0.0105985497611033	-0.5006317795932286	0.8519821971259148	-0.1532780383545404
cam0_frame_0000518	457202.9140864624641836	5547143.0745481401681900	246.0238343950061619	-100.1382859180460372	-30.0474046059472712	-95.7569105156811844	-0.0868278072461763	0.1256951043478630	0.9882619453524462	0.8612456499631919	0.5080687671874202	0.0110479965665439	-0.5007163491521911	0.8520955747752926	-0.1523688588264181
cam0_frame_0000519	457202.8174289001617581	5547142.0165810817852616	246.0195506490865966	-100.2962026886500126	-29.9908314356566272	-95.7681621401982426	-0.0870465818042907	0.1284031980820380	0.9878944838992139	0.8617200604557349	0.5072855841723002	0.0099936729550848	-0.4998614107973859	0.8521584094599279	-0.1548050877147547
cam0_frame_0000520	457202.7268394561251625	5547140.9853092674165964	246.0164565554790670	-100.3453046608998847	-29.9608050468658895	-95.6473720848819227	-0.0852554914903631	0.1303628946456290	0.9877940154052107	0.8621622228510806	0.5065759410783666	0.0075576060396780	-0.4994074515455480	0.8522830114581550	-0.1555823438588059
cam0_frame_0000521	457202.5967161502339877	5547139.6031231321394444	246.0113624327762238	-100.6741511332925825	-29.8980387867410329	-95.7515574174571213	-0.0868778602656144	0.1352021766618777	0.9870018281753886	0.8625495892567324	0.5059292289009747	0.0066197746719596	-0.4984580659079655	0.8519131333472660	-0.1605726307990673
cam0_frame_0000522	457202.5027414549258538	5547138.4991504289209843	246.0143039034198580	-100.3665931903702813	-29.9912088712047193	-95.6633593421483397	-0.0854698935112770	0.1305439286707051	0.9877515780753728	0.8618745636084357	0.5070651263979679	0.0075626844295700	-0.4998671162498475	0.8519643421401107	-0.1558512939113109
cam0_frame_0000523	457202.3958675540634431	5547137.3586644669994712	246.0109444169301298	-100.5211114671886747	-30.0252191353564974	-95.8433001204415120	-0.0881460118131820	0.1315626388413167	0.9873811587540748	0.8613065637067322	0.5080022763454205	0.0092027465232697	-0.5003811386504592	0.8512490583189983	-0.1580941390244710
cam0_frame_0000524	457202.2938178069307469	5547136.1755182817578316	246.0117598900097562	-100.4352063516950722	-30.1045866549528114	-95.8139195941573121	-0.0876340356663250	0.1302231236960506	0.9876042799865119	0.8606612495993744	0.5090940970898615	0.0092419557617537	-0.5015799928534583	0.8508026436037345	-0.1566919666288653
cam0_frame_0000525	457202.1919624869478866	5547134.9766668733209372	246.0080563692842190	-100.5736277781039831	-30.1955320651036168	-95.7725667902263922	-0.0869326500857978	0.1328404119484621	0.9873176486331151	0.8599310716585340	0.5103615049201524	0.0070488503915656	-0.5029525488008435	0.8496378989010558	-0.1586006759308866
cam0_frame_0000526	457202.0889957298059016	5547133.7801542477682233	246.0104756224998539	-100.5846405089721429	-30.2694256359500287	-95.8145047101182428	-0.0874962709751953	0.1325456177403738	0.9873074808707052	0.8592211819454909	0.5115497657934156	0.0074697799763404	-0.5040668240041470	0.8489690785502881	-0.1586446992617377
cam0_frame_0000527	457201.9959072132478468	5547132.5939515503123403	246.0119837350382852	-100.3964507410021980	-30.3628743858651653	-95.6408903698344943	-0.0848113888655410	0.1307153358159944	0.9877856697184925	0.8586630742943812	0.5125064553894666	0.0059040687197106	-0.5054747799465560	0.8486758121724911	-0.1557068163933202
cam0_frame_0000528	457201.9063105910317972	5547131.4320706101134419	246.0162448530264214	-100.0651894344323978	-30.4881448547753813	-95.5089103308595924	-0.0827269530781747	0.1260041178506681	0.9885743338358917	0.8577540494293708	0.5140221569294887	0.0062620182906634	-0.5073600712727767	0.8484716757029854	-0.1506040291886342
cam0_frame_0000529	457201.8169688544585370	5547130.3228973699733615	246.0152590234288823	-100.0931711845055361	-30.5554214582990866	-95.5048967255677468	-0.0826096597377714	0.1264273719258570	0.9885301025997797	0.8571662574751763	0.5150075421547912	0.0057652900777733	-0.5083715680130116	0.8478109170986202	-0.1509138750559021
cam0_frame_0000530	457201.7372541821096092	5547129.2475031930953264	246.0120055316556602	-99.9074806482700666	-30.6062769020476892	-95.2696798197900989	-0.0790485671637318	0.1252669735648336	0.9889689122329725	0.8570485129893570	0.5152255099634764	0.0032434958929610	-0.5091357092289752	0.8478507293249115	-0.1480877117492333
cam0_frame_0000531	457201.6518991002230905	5547128.1913379626348615	246.0088498591511836	-100.0369376668345183	-30.6133452031715407	-95.3273799837495943	-0.0799057921051560	0.1269725393324521	0.9886824761486961	0.8569059271262023	0.5154637613539249	0.0030565972661213	-0.5092418840237225	0.8474521136833241	-0.1499920616887313
cam0_frame_0000532	457201.5675663657602854	5547127.1128387907519937	246.0070820029390006	-100.2655837811433770	-30.6103860560615182	-95.2294549485628607	-0.0784435230172888	0.1318017764502799	0.9881674480679815	0.8570674337779278	0.5152037942248840	-0.0006814496319955	-0.5091974348462022	0.8468726835486166	-0.1533774110004876
cam0_frame_0000533	457201.4757431332254782	5547125.9931488288566470	246.0053542738202452	-100.7049336224217910	-30.5781818821560520	-95.2765269312815519	-0.0791739372914237	0.1389956131847312	0.9871229443028736	0.8572875542311624	0.5148243631641399	-0.0037315483367907	-0.5087136100146369	0.8459527732728581	-0.1599198811212535
cam0_frame_0000534	457201.3680424055783078	5547124.8189807916060090	246.0032805726874017	-100.4499076440785927	-30.4718662577704791	-95.6817401607824536	-0.0853282122829310	0.1311117322193957	0.9876886198914253	0.8576440116660506	0.5142107678870838	0.0058339902587097	-0.5071152190991326	0.8475830341998396	-0.1563238775575655
cam0_frame_0000535	457201.2723115980625153	5547123.6614680644124746	246.0152797647925809	-100.0498022217056331	-30.4920886557556052	-95.8085838114336781	-0.0872085680111781	0.1230425303662946	0.9885621889322387	0.8572748877477872	0.5147291762738122	0.0115603602669490	-0.5074193852253354	0.8484777020131665	-0.1503700657843813
cam0_frame_0000536	457201.1703707635751925	5547122.5022560991346836	246.0052623541721175	-100.5020935308637320	-30.5759441805508629	-96.1004467113767475	-0.0914953296450919	0.1280864926406774	0.9875335209784760	0.8560801813788238	0.5166966834505734	0.0122987951270736	-0.5086799855543117	0.8465331580713119	-0.1569276412308442
cam0_frame_0000537	457201.1107470346614718	5547121.3142581321299076	246.0015096371804475	-99.9231770215120321	-30.9761296352707411	-95.3335217254707032	-0.0796963259608733	0.1244559971604598	0.9890193124500321	0.8536697522999028	0.5208045441638897	0.0032528120857890	-0.5146809202181092	0.8445551086513183	-0.1477505289817964
cam0_frame_0000538	457201.0121259776642546	5547120.1537974700331688	246.0046355762144970	-100.6316612304683531	-31.0597934457357674	-95.6967990671964230	-0.0850325914245808	0.1332488557109943	0.9874280737589605	0.8523985521327981	0.5228849034973079	0.0028435921860662	-0.5159323276530835	0.8419240584199523	-0.1580433900425714
cam0_frame_0000539	457200.9515326409018598	5547118.9683515941724181	246.0018040029198687	-100.6897981550247749	-31.2669631551177787	-95.1098224020258272	-0.0761290858163166	0.1393295990803392	0.9873153625427311	0.8513612731648518	0.5245129882011813	-0.0083730378830069	-0.5190263431155429	0.8399246323500587	-0.1585505191531262
cam0_frame_0000540	457200.8821728829061612	5547117.7343329852446914	246.0083032490894368	-100.2012443195300193	-31.5117040344565602	-94.8263401817146416	-0.0717287044568195	0.1331977591969563	0.9884904399648268	0.8495105734934201	0.5274872296369200	-0.0094344100423736	-0.5226727259766147	0.8390563625376297	-0.1509888804028177
cam0_frame_0000541	457200.7968716062023304	5547116.4996770257130265	246.0261906596965673	-99.9305858981646651	-31.5184235494054263	-94.9881918886854635	-0.0741228205482929	0.1270275267253997	0.9891257831681438	0.8492434903207265	0.5279849826591436	-0.0041656013124003	-0.5227727055057815	0.8396998663453822	-0.1470130362849249
cam0_frame_0000542	457200.7180693438276649	5547115.2880303692072630	246.0181597518955812	-100.0794564363425820	-31.4690646566276548	-94.9824670053260292	-0.0740770517320071	0.1297126891988850	0.9887806676242651	0.8496992310720169	0.5272389182028787	-0.0055081619331443	-0.5220381280350277	0.8397581445827442	-0.1492730768914180
cam0_frame_0000543	457200.6558667668723501	5547114.0753130484372377	246.0256498352081564	-99.5998509463275070	-31.5284723025213900	-94.4555714010247982	-0.0662180563723060	0.1262073149615246	0.9897913328881380	0.8498044093418852	0.5269966478210975	-0.0103440344361410	-0.5229222072864786	0.8404440771613124	-0.1421482264789371
cam0_frame_0000544	457200.5758870934951119	5547112.8813795037567616	246.0226345604446863	-99.3779281041406932	-31.5891078417606401	-94.4651991043510577	-0.0663177308572134	0.1222148049963168	0.9902855648820006	0.8492410710604236	0.5279403353229375	-0.0082828475326534	-0.5238239797852837	0.8404418741226656	-0.1388016369611262
cam0_frame_0000545	457200.4997670060838573	5547111.7239282596856356	246.0210389623417200	-99.4205256841611344	-31.4931899941233837	-94.4058009604591462	-0.0655045665367226	0.1236063818327499	0.9901669627558034	0.8501825084077411	0.5264029253329869	-0.0094690336568465	-0.5223972187525082	0.8412023671929906	-0.1395697792093721
cam0_frame_0000546	457200.4292791884508915	5547110.5849699890241027	246.0141391507853257	-99.5504219883114985	-31.4026752842302308	-94.2127246867723613	-0.0626997869061113	0.1277216061798108	0.9898262110273591	0.8512204004630866	0.5246275602365621	-0.0137750816946807	-0.5210494857087856	0.8416965690526977	-0.1416132729920725
cam0_frame_0000547	457200.3344795679440722	5547109.4588206689804792	246.0134010366122084	-99.7424367635592830	-31.2292394189550784	-94.6571698217791067	-0.0694285204702773	0.1271719453714792	0.9894478141143890	0.8522765551479060	0.5230388028239955	-0.0074218788497151	-0.5184634549228380	0.8427678844443922	-0.1446994777412769
cam0_frame_0000548	457200.2808815411408432	5547108.3326912550255656	246.0108049782156456	-98.9249514607007825	-31.2889720283637089	-93.8033494167482758	-0.0566847915279166	0.1207660853381384	0.9910612428309054	0.8526767215628455	0.5222273427851009	-0.0148664371135241	-0.5193546407940082	0.8442121505165127	-0.1325767777780537
cam0_frame_0000549	457200.1846824750537053	5547107.2281662691384554	246.0133584018111321	-99.0058786496738321	-31.2322360223060613	-94.2139619167481470	-0.0628317846519567	0.1184817031696409	0.9909663227635293	0.8527610672404191	0.5222341430648687	-0.0083703056266417	-0.5185081764412501	0.8445315777585372	-0.1338494868583564
cam0_frame_0000550	457200.0971732458565384	5547106.1345530916005373	245.9962676411113591	-99.0917408025975135	-31.0295498482982595	-94.3019720875535938	-0.0642787989703633	0.1193885941061131	0.9907646539922049	0.8544872844667294	0.5194230484565723	-0.0071538393018089	-0.5154800836963550	0.8461359585370709	-0.1354039252863463
cam0_frame_0000551	457200.0504105943255126	5547105.0402485523372889	245.9909648086358231	-98.2952828715182392	-30.9882732328628450	-93.2336494049713167	-0.0483569289416909	0.1153065651477102	0.9921522078074341	0.8559077535835287	0.5168030120614809	-0.0183456828648724	-0.5148626270947666	0.8483036265147160	-0.1236827896801181
cam0_frame_0000552	457199.9520225247833878	5547103.9966630255803466	245.9927687763087079	-99.2174525532608982	-30.8872559212048010	-93.6126841942604813	-0.0540751204301730	0.1279342748387755	0.9903073778741323	0.8564737388388153	0.5158080939227920	-0.0198681887246264	-0.5133503832957782	0.8470978878295081	-0.1374647314945315
cam0_frame_0000553	457199.8615790298790671	5547102.9629425145685673	245.9722272918258170	-100.0554571659348397	-31.2111146499649443	-94.0846974233482882	-0.0609213308702589	0.1378133514182933	0.9885828602680986	0.8530912491586617	0.5213740406553917	-0.0201104534902692	-0.5181929293746782	0.8421262315719233	-0.1493301645501039
cam0_frame_0000554	457199.8129742391174659	5547101.9064238434657454	245.9898372202873134	-99.5352156629664933	-32.6401469273836113	-94.4433546900796586	-0.0652384370593153	0.1239470484696903	0.9901419471498571	0.8395437485394165	0.5431442023919140	-0.0126755550740962	-0.5393609557786343	0.8304405484944146	-0.1394928485545175
cam0_frame_0000555	457199.8413163229124621	5547100.5714367069303989	245.9972534596583102	-100.2990011246659208	-36.7804649963151959	-95.2044591985596185	-0.0726529347224016	0.1246103556741328	0.9895422226135624	0.7976335780788300	0.6028925140539418	-0.0173577538547175	-0.5987505542355553	0.7880310119255999	-0.1431953143302197
cam0_frame_0000556	457199.9695502662216313	5547099.2907233899459243	245.9976668300706990	-102.3787649871704843	-43.0374449379761828	-98.2492428784967444	-0.1048703230671366	0.1165104013403540	0.9876373533434752	0.7233453373957909	0.6904708017494046	-0.0046470204759647	-0.6824761814214199	0.7139155400403083	-0.1566871516155421
cam0_frame_0000557	457200.3410615652683191	5547098.1011746302247047	246.0181795401139198	-103.8951677600104802	-51.5707659177427260	-100.4940942254836784	-0.1132050530074239	0.0976250642317542	0.9887638559369635	0.6111513645624773	0.7914715391454072	-0.0081738801204071	-0.7833764264815521	0.6033590552536252	-0.1492622687635594
cam0_frame_0000558	457200.7010570018319413	5547097.2924748389050364	246.0284748673903437	-107.3528571229396249	-58.3917568353170040	-104.6521521549093876	-0.1325732759999751	0.0829355976682403	0.9876973287045209	0.5070640808850168	0.8618975724909608	-0.0043118917453038	-0.8516515392852093	0.5002541965577121	-0.1563182473658487
cam0_frame_0000559	457201.3591618235222995	5547096.3807949405163527	246.0363214355337789	-113.6955684875495791	-68.0645331901445161	-111.1715886326874738	-0.1349164977042465	0.0679794858847693	0.9885222952195176	0.3483477377575102	0.9372128849220686	-0.0169074520635174	-0.9276051920113664	0.3420684110450675	-0.1501259801588568
cam0_frame_0000560	457202.1297437684261240	5547095.5900670131668448	246.0516473899349421	-128.2543043074054765	-76.7166720455129791	-126.9663991257864666	-0.1381693250762542	0.0351101656972225	0.9897860950087579	0.1835807861139915	0.9829611881088089	-0.0092410844325096	-0.9732457719290334	0.1804288750073924	-0.1422606357564360
cam0_frame_0000561	457202.9993679245817475	5547095.0293714674189687	246.0619919126961577	-179.1487665733584436	-82.2670221059415354	-177.9066467217179479	-0.1344667482720174	0.0218123971022934	0.9906780066912770	0.0049150518085400	0.9997600828664142	-0.0213452330196025	-0.9909059167624686	0.0019990096532136	-0.1345416964570360
cam0_frame_0000562	457203.9208656887058169	5547094.6209607692435384	246.0528993031253435	126.9803517497639405	-77.3054970272632573	127.5706763362155272	-0.1339918669322052	-0.0016035719306360	0.9909811341055316	-0.1741763156043467	0.9844696419982490	-0.0219575742361308	-0.9755556317701805	-0.1755475791371213	-0.1321902295201104
cam0_frame_0000563	457204.9118999179336242	5547094.3880950463935733	246.0566515315802008	108.7909678422794855	-68.6484442146725513	108.6304671774482244	-0.1163131917783601	-0.0235592525217992	0.9929331312021696	-0.3450106648288206	0.9384232813911533	-0.0181489971468332	-0.9313639903779320	-0.3446834875123485	-0.1172792004731437
cam0_frame_0000564	457205.8961916224798188	5547094.3012071633711457	246.0482114234215771	103.5521316137986929	-59.0246079137806134	102.0739086498269330	-0.1076551867445703	-0.0547969582953157	0.9926770140023256	-0.5032846606418172	0.8640932759717775	-0.0068819171029664	-0.8573884248866678	-0.5003399881899746	-0.1206025915493317
cam0_frame_0000565	457206.8707364550791681	5547094.4199003931134939	246.0289337783954693	100.5972539432228530	-49.0920794890334733	98.4480505255457103	-0.0962050383243221	-0.0727713957478689	0.9926977961907254	-0.6477398800007617	0.7618300760310337	-0.0069269842751425	-0.7557629512337936	-0.6436763621692642	-0.1204288268104000
cam0_frame_0000566	457207.7992158721899614	5547094.7021694174036384	246.0071964319114954	99.4352527930589645	-37.7395828836889251	95.6424742231712202	-0.0777520554681162	-0.1037733300134212	0.9915572166286769	-0.7869692709522391	0.6169855538226836	0.0028623331422295	-0.6120735122902994	-0.7801025075924596	-0.1296383168687964
cam0_frame_0000567	457208.6490638377144933	5547095.2099462877959013	246.0016306554083485	97.9548471702583470	-26.0436063366519335	93.2969268452356886	-0.0516708738981371	-0.1131563132332266	0.9922327194595362	-0.8969731141228092	0.4420695763346067	0.0037043515182016	-0.4390550686775316	-0.8898146652279937	-0.1243402919964522
cam0_frame_0000568	457209.3937308299355209	5547095.8444378543645144	245.9894601843146233	97.9335143312300005	-15.1233356496771094	91.6324602343941308	-0.0275013124512866	-0.1306065830682318	0.9910527726981535	-0.9649746439732092	0.2622277726234052	0.0077802155332933	-0.2608977085032247	-0.9561268303547441	-0.1332436489051461
cam0_frame_0000569	457210.0129485045908950	5547096.6229942478239536	245.9744551867208884	97.8644106576481079	-4.7599838932848950	90.2828111829070821	-0.0049189423979537	-0.1364218533023456	0.9906386232866347	-0.9965389179472889	0.0828757690851232	0.0064646666576563	-0.0829818595967270	-0.9871781424039452	-0.1363573472085997
cam0_frame_0000570	457210.5398148261010647	5547097.5060215052217245	245.9598942069966938	98.1941930801211953	4.1291224809872187	88.7440396691047511	0.0218619929908149	-0.1409322333063137	0.9897778330907215	-0.9971646890712118	-0.0743762478944318	0.0114348860361060	0.0720044174476971	-0.9872214945818605	-0.1421586596151536
cam0_frame_0000571	457210.9262966816895641	5547098.4803336011245847	245.9592879519011603	98.3290618322600807	12.5306646134741229	87.4334383362676704	0.0437133145261992	-0.1350997021916117	0.9898672722142456	-0.9752007975015106	-0.2209450711587898	0.0129104640913519	0.2169620950432357	-0.9658837124614827	-0.1414075787080543
cam0_frame_0000572	457211.1969357137568295	5547099.4954776205122471	245.9432489931675718	99.2050361345323779	19.5683794257074588	86.3610774915524360	0.0598027052367386	-0.1386615801174576	0.9885325501194675	-0.9403427306096988	-0.3401047793092256	0.0091808540189679	0.3349316130732689	-0.9301084373826279	-0.1507285947449416
cam0_frame_0000573	457211.3816493976628408	5547100.5686549907550216	245.9408512191845944	99.9177499371595133	25.7450463615782574	84.7127855060009836	0.0830013535037511	-0.1320733628271392	0.9877587773075349	-0.8969034235469985	-0.4419268247441170	0.0162766827472773	0.4343673838425460	-0.8872752157043013	-0.1551375758824030
cam0_frame_0000574	457211.4623755769571289	5547101.6575884604826570	245.9465224587434022	100.6535085666353382	30.0669067522352300	84.0180671664276275	0.0901918013654847	-0.1325497872296029	0.9870643306653505	-0.8607284489713077	-0.5089601353667764	0.0103013464595275	0.5010109540697637	-0.8505234473621645	-0.1599934042055638
cam0_frame_0000575	457211.5383040123269893	5547102.7706389427185059	245.9442171781188904	101.0403335516709404	31.1098906626989056	83.6467726354928089	0.0947426316966223	-0.1342073229489203	0.9864138219865344	-0.8509197609359335	-0.5251952284118715	0.0102729013494755	0.5166811339578126	-0.8403322952976920	-0.1639580412537965
cam0_frame_0000576	457211.6187282456667162	5547104.0002560382708907	245.9408684160960092	101.1454993107915783	31.3082568150930669	83.5445759535677723	0.0960585447432140	-0.1347539863419397	0.9862120051727076	-0.8489668409178992	-0.5283418132182153	0.0104991155423224	0.5196422413581265	-0.8382698202668672	-0.1651534117905434
cam0_frame_0000577	457211.7040043274755590	5547105.3609776049852371	245.9474955770377278	100.8900109531629568	31.4455975609994809	83.5303331150369957	0.0961289537171204	-0.1299972599991460	0.9868434205333523	-0.8477028232317413	-0.5303189842292932	0.0127160705780410	0.5216887460375061	-0.8377723362338518	-0.1611780534039549
cam0_frame_0000578	457211.7698010672465898	5547106.4616456953808665	245.9449612556284990	100.8628940667762492	31.5264920467177703	83.5819161053984487	0.0952833043965867	-0.1298754030061499	0.9869414732380324	-0.8470562360440537	-0.5313710923690373	0.0118530659922363	0.5228927470161991	-0.8371243288117528	-0.1606425635668400
cam0_frame_0000579	457211.8315648093703203	5547107.6261036805808544	245.9443276126785634	100.7604176741876358	31.6271866665561774	83.8188293912919704	0.0916809042420369	-0.1301476069931376	0.9872467838343775	-0.8465280571474986	-0.5322771411853296	0.0084435439037260	0.5243899887101616	-0.8365062135845335	-0.1589732505015347
cam0_frame_0000580	457211.8944310954539105	5547108.8476674193516374	245.9438272067241940	100.6503015082955699	31.7231924597059241	84.0904568741884901	0.0875760839155859	-0.1306275816681622	0.9875560057199484	-0.8460779870024430	-0.5330399464978743	0.0045227588303263	0.5258160034041405	-0.8359454828785620	-0.1572026724296532
cam0_frame_0000581	457211.9602759878616780	5547110.0878044869750738	245.9468911112536773	100.5376350295225052	31.7813776888210917	84.2774643166051760	0.0847608247924404	-0.1303398134888875	0.9878396305069908	-0.8458275651664595	-0.5334519054705076	0.0021896471092809	0.5266795349974047	-0.8357275857416507	-0.1554608305823355
cam0_frame_0000582	457212.0177713070297614	5547111.3359247175976634	245.9476399217278697	100.4094017487767161	31.8173059455074814	84.7317647018982854	0.0780212925280804	-0.1323061220163809	0.9881334768082876	-0.8461440072733095	-0.5329349316141928	-0.0045472652045954	0.5272124779135181	-0.8357484362787424	-0.1535303044676358
cam0_frame_0000583	457212.0899260392761789	5547112.5941111715510488	245.9558064739994165	100.1801901853010719	31.7565381329047796	84.8903707138663037	0.0757284604048015	-0.1299058902696108	0.9886301937316999	-0.8469132059005067	-0.5317077097385492	-0.0049933031064212	0.5263109555728850	-0.8369058316667700	-0.1502844202374592
cam0_frame_0000584	457212.1618982732179575	5547113.8458264507353306	245.9570111769902780	100.0639929802314896	31.6846764682191022	85.1169509297870519	0.0724348319021063	-0.1300917817283885	0.9888525286684801	-0.8478631051391140	-0.5301601532193853	-0.0076398221351860	0.5252440861839111	-0.8378581862493988	-0.1487020835889526
cam0_frame_0000585	457212.2261842021252960	5547115.0913515696302056	245.9660076252441741	99.8523957398105892	31.6429135728309596	85.5487189557051408	0.0660732272254267	-0.1304781669505506	0.9892470756050995	-0.8487663486370578	-0.5286074868509945	-0.0130311268274187	0.5246236880520475	-0.8387786196573573	-0.1456722799312430
cam0_frame_0000586	457212.3111279509030282	5547116.3242077073082328	245.9670081209362138	99.9925422920041598	31.6885247320323487	85.3598754197925302	0.0688365403072120	-0.1311006430273080	0.9889763152453959	-0.8481274308519793	-0.5296742675078728	-0.0111817429955968	0.5253012390571274	-0.8380082289201141	-0.1476509956187919
cam0_frame_0000587	457212.3613857034360990	5547117.5435130968689919	245.9724788951564278	99.4241356594626069	31.9159785017499544	85.8899012307399516	0.0608379942699430	-0.1259399778489029	0.9901706218791931	-0.8466412495179592	-0.5319342646567289	-0.0156375413276597	0.5286750732424202	-0.8373679358940873	-0.1389877939554319
cam0_frame_0000588	457212.4357350454083644	5547118.7265697140246630	245.9776029907022803	99.4322289963591857	32.0270032397972457	85.7294826509913861	0.0631318022598917	-0.1244692780940547	0.9902129944381475	-0.8454444121830771	-0.5339000544937287	-0.0132090014764555	0.5303188865690421	-0.8363361349495424	-0.1389379283199239
cam0_frame_0000589	457212.4993971395306289	5547119.8756394097581506	245.9769825526849729	99.4920619531764601	32.0992677380160103	85.6926595628460746	0.0636248560477554	-0.1250809461557795	0.9901043554099122	-0.8447360142235809	-0.5350177724309262	-0.0133059932627342	0.5313877529324136	-0.8355302149484636	-0.1397008086648561
cam0_frame_0000590	457212.5450927767087705	5547120.9959549745544791	245.9799153478558082	99.4093291999220838	32.2738965785165774	86.0327358487642044	0.0584975498482571	-0.1266485700853670	0.9902212764615203	-0.8434791434229192	-0.5368317271799048	-0.0188316569525564	0.5339672005585065	-0.8341293882776062	-0.1382287681321754
cam0_frame_0000591	457212.6097330785123631	5547122.0909673459827900	245.9776061277723613	99.5206493287671776	32.3300595838989082	85.8447787032310998	0.0612262839514291	-0.1267513997582893	0.9900431429047997	-0.8427602661587577	-0.5380279865896943	-0.0167636341602901	0.5347957329088540	-0.8333426475979464	-0.1397624976770477
cam0_frame_0000592	457212.6667244618292898	5547123.1598348608240485	245.9829709436895939	99.3577045223388922	32.3392317832672873	85.7871895905714013	0.0620670377538402	-0.1233845891308007	0.9904160368196222	-0.8426129084281372	-0.5383308846740679	-0.0142599143164128	0.5349309949654614	-0.8336522666982079	-0.1373780508458387
cam0_frame_0000593	457212.7144201681949198	5547124.2015644125640392	245.9814452676121448	99.1343922177581334	32.4031494888084026	85.8834064033138560	0.0606090742987368	-0.1203606371496385	0.9908783261014358	-0.8421202094809500	-0.5391087618913080	-0.0139748214937489	0.5358732059885157	-0.8335916625524484	-0.1340330079742848
cam0_frame_0000594	457212.7831632365705445	5547125.5492336833849549	245.9795289103261098	99.0775992490578972	32.5109213216002928	85.6859901370520163	0.0634343538565674	-0.1174022156006111	0.9910564073365689	-0.8408997824980881	-0.5410933094231812	-0.0102755190690133	0.5374603599759399	-0.8327272964599742	-0.1330474020227189
cam0_frame_0000595	457212.8433534039650112	5547126.8304376369342208	245.9721953329625705	99.3710166708137450	32.6250148710163614	85.6125959242007895	0.0644294677392735	-0.1216561372226066	0.9904789891577250	-0.8397490558188163	-0.5428409701086374	-0.0120500797889468	0.5391385415069478	-0.8309774157265580	-0.1371355811384189
cam0_frame_0000596	457212.8923991842311807	5547128.0661163963377476	245.9657250642023314	99.3461042364605049	32.7791176270561166	85.7574467930044761	0.0621987742917970	-0.1224322434751377	0.9905259503083412	-0.8384601277726477	-0.5447650617787809	-0.0146847404007118	0.5414018162253170	-0.8296031420039385	-0.1365382736272915
cam0_frame_0000597	457212.9465163883869536	5547129.2705746507272124	245.9650522095541874	99.3186016135303333	32.9212977823140278	85.6561139351361760	0.0635796144793793	-0.1208372796200542	0.9906341325013381	-0.8370065966919308	-0.5470381634168791	-0.0130078768321251	0.5434865129116310	-0.8283402680176266	-0.1359220757038458
cam0_frame_0000598	457212.9996052511269227	5547130.4468653062358499	245.9613625939904296	99.5898710997957153	32.8606066068593634	85.5448670391622557	0.0652493286294024	-0.1245319899701555	0.9900678302962307	-0.8374550561967471	-0.5463387521147409	-0.0135276305468051	0.5425970456645648	-0.8282546416481961	-0.1399381814384622
cam0_frame_0000599	457213.0537534090108238	5547131.6032960601150990	245.9580816866819646	99.3005951013274739	31.7002681742442682	86.1868392527085945	0.0565814059401895	-0.1267699340502088	0.9903170847373772	-0.8489251458765137	-0.5281675905128834	-0.0191074077350899	0.5254756333079305	-0.8396239516311584	-0.1375026495995909
cam0_frame_0000600	457213.2325752727338113	5547132.7204669862985611	245.9548319232306426	98.4829055672574611	26.2152716974631588	87.1045794273042020	0.0453173703050141	-0.1252562103168120	0.9910889050563066	-0.8959953663768156	-0.4438059127095399	-0.0151200289460055	0.4417449936104688	-0.8873258666471545	-0.1323411009435966
cam0_frame_0000601	457213.5857500491547398	5547133.7530227582901716	245.9485923419824758	97.2108829308601798	16.6351543471980250	88.5744231484878384	0.0238372079282958	-0.1184170465800601	0.9926777879037284	-0.9578505451931232	-0.2870469841757927	-0.0112410830803167	0.2862763011347935	-0.9505690043099655	-0.1202682312738591
cam0_frame_0000602	457214.1755576448631473	5547134.5851576216518879	245.9174359170381194	96.6302535084655432	3.7734487869356328	89.1473935310840631	0.0148479816394928	-0.1144761333807982	0.9933150317635465	-0.9977215959955630	-0.0670822141476179	0.0071828566127283	0.0658115060251556	-0.9911585097406148	-0.1152113459840918
cam0_frame_0000603	457214.9177915851469152	5547135.2288371184840798	245.8794673206783443	95.9138545176757447	-10.3945292464351144	90.0675658115524698	-0.0011598926500187	-0.1028213548880554	0.9946991623742453	-0.9835880188789685	0.1795863715744485	0.0174167810593288	-0.1804252304052432	-0.9783539769039168	-0.1013421536652268
cam0_frame_0000604	457215.7710428672726266	5547135.6810584850609303	245.8204087046896120	95.2684436953635867	-23.9842901945030995	91.2502550653602782	-0.0199353876142007	-0.0829685178379880	0.9963527514733119	-0.9134394311901504	0.4066760473686796	0.0155883945164536	-0.4064861447425788	-0.9097971298835561	-0.0838939603783281
cam0_frame_0000697	457216.0880742006702349	5547137.2682089153677225	245.7906217220469784	-179.8799920564188142	79.1222530648521030	2.7067835799272491	0.1885034965226276	-0.0492792140888580	0.9808353535928078	-0.0089119670166259	-0.9987849632539884	-0.0484682785089879	0.9820320812695666	0.0003952676494179	-0.1887136325781660
cam0_frame_0000698	457215.4755577401956543	5547138.1008636243641376	245.8413936012942145	125.4571634492403547	71.6126515912790325	57.3708683520097225	0.1700846834559022	-0.0717617001820680	0.9828130335118094	-0.2656563239839199	-0.9637590685678075	-0.0243962144740529	0.9489456875823057	-0.2569410752298902	-0.1829846055783150
cam0_frame_0000699	457215.0100138288689777	5547139.0763635262846947	245.8730737046366528	110.5348095574840528	60.3884125723833236	73.0369910747681104	0.1441609337137844	-0.0979826763699574	0.9846913325109297	-0.4726202795915849	-0.8810724062739682	-0.0184793458047906	0.8693950175320425	-0.4627210931370877	-0.1733248206590070
cam0_frame_0000700	457214.7042558392859064	5547140.0947070289403200	245.8908994747264103	105.4537667230737412	51.7945215011910705	78.7056975725429595	0.1211291526433778	-0.1129670992576809	0.9861876914995458	-0.6065060682231821	-0.7949063514449021	-0.0165614504501291	0.7857977587066234	-0.5961227448419167	-0.1648015639907139
cam0_frame_0000701	457214.5331909023807384	5547141.1664564749225974	245.9067735653974864	102.6421394669440730	44.4101788990351309	81.8513603459053911	0.1012529051594743	-0.1198665810161377	0.9876132096890302	-0.7071360845986868	-0.7069522827463260	-0.0133051786233003	0.6997902593314685	-0.6970297502081684	-0.1563429572111706
cam0_frame_0000702	457214.4739040903514251	5547142.2955185137689114	245.9032050336099928	101.7253092437311324	38.7470601321251849	83.3331855787584459	0.0905447883390381	-0.1306996622300446	0.9872787041142896	-0.7746428479092916	-0.6322722590157018	-0.0126589360596972	0.6258834551956294	-0.7636421863491664	-0.1584945164358866
cam0_frame_0000703	457214.4721406218595803	5547143.5739590274170041	245.9067750716169769	101.0860117796759141	35.4274544439469494	84.0258368905843867	0.0848095883689583	-0.1320316891619921	0.9876107364633696	-0.8104246198185771	-0.5857780645611720	-0.0087174922358602	0.5796716909705021	-0.7996447286989389	-0.1566813280241103
cam0_frame_0000704	457214.5132892417022958	5547144.8109056185930967	245.9066385483907027	101.0495933733583342	33.4277186855345789	84.3298280081829716	0.0824580775104241	-0.1373015027404689	0.9870911623545690	-0.8304979630828210	-0.5569628382603024	-0.0080950671592922	0.5508845602924162	-0.8191096960372515	-0.1599547032418639
cam0_frame_0000705	457214.5757141140638851	5547145.8776040058583021	245.9098334402953014	100.9493807157796255	32.3566443606424272	84.3526234420861272	0.0831266380997202	-0.1373129542873575	0.9870334921486286	-0.8406331216267162	-0.5415858955526547	-0.0045467089802884	0.5351877398281458	-0.8293550930230718	-0.1604500321418865
cam0_frame_0000706	457214.6465228305314668	5547147.0463101444765925	245.9153969240637991	100.9574193155362565	31.9371315374819957	84.3378062720682635	0.0837284121033191	-0.1379118645239777	0.9868991187705951	-0.8444884901948130	-0.5355641726256717	-0.0031948283624318	0.5289884147456738	-0.8331574488794425	-0.1613069200051810
cam0_frame_0000707	457214.7216660434496589	5547148.3055182602256536	245.9207966520381774	101.0581177703859055	31.9481458134599485	84.1763988633771447	0.0860967577026619	-0.1381206338170266	0.9866661232793351	-0.8441480879818587	-0.5361082724906058	-0.0013877044752117	0.5291515414979536	-0.8327728445867589	-0.1627514529865020
cam0_frame_0000708	457214.7904569503152743	5547149.6405754070729017	245.9298785131978775	100.7038393848809079	31.8608283337876834	84.4649152726906891	0.0819226125633003	-0.1348376859203657	0.9874753080489882	-0.8453726031177289	-0.5341697174194735	-0.0028062234327767	0.5278577909330856	-0.8345546785248056	-0.1577486643480736
cam0_frame_0000709	457214.8695827921037562	5547150.9993379665538669	245.9406467717254827	100.4596457974211887	31.7843957677491460	84.4789476322019937	0.0817832449338095	-0.1308659353047750	0.9880210563671725	-0.8460927846722411	-0.5330353445375648	-0.0005667444678678	0.5267243117359097	-0.8359111366948804	-0.1543180837614477
cam0_frame_0000710	457214.9332258686772548	5547152.3406164580956101	245.9438077103005469	100.0937467945938977	31.6125468730550416	85.1597404442453865	0.0718573487074900	-0.1310901973908630	0.9887628034997854	-0.8485751633969403	-0.5290070999093709	-0.0084664225817637	0.5241724081851171	-0.8384311828608851	-0.1492529333176147
cam0_frame_0000711	457215.0400317632593215	5547153.6813348485156894	245.9488071500111062	100.2537620435366250	31.4039181082914851	84.6691045714954669	0.0792979565736794	-0.1296002771145044	0.9883904098356493	-0.8498234956293369	-0.5270665634542345	-0.0009294971102602	0.5210679997462639	-0.8398836859115600	-0.1519326619922114
cam0_frame_0000712	457215.1192923079943284	5547154.9965516673400998	245.9475776756666789	99.9249145651691890	31.2873789737238539	85.1155346539908493	0.0727641604020311	-0.1281739337872791	0.9890787732321840	-0.8514697960734744	-0.5243767336039775	-0.0053129680423722	0.5193308803985970	-0.8417841076857648	-0.1472920660188427
cam0_frame_0000713	457215.2256893376470543	5547156.2844614945352077	245.9533709568831057	100.0241841909814298	30.9815503444276139	84.8735491861645386	0.0766062393352701	-0.1280736285657743	0.9888016129441251	-0.8539037020079467	-0.5204295319655577	-0.0012529785450432	0.5147620341400772	-0.8442453718701145	-0.1492306948448017
cam0_frame_0000714	457215.3209003189112991	5547157.5524050062522292	245.9511517240102307	99.9487149883588017	30.8377689462914724	85.0290145011545491	0.0744006933888780	-0.1283665009004546	0.9889320392574142	-0.8553926450102500	-0.5179721290613239	-0.0028803433906249	0.5126089734735645	-0.8457108932503200	-0.1483412462942265
